0.011 0.00101 0.001 9.99682 0.000646026 0

0.0209968 0.00102064 0.001 9.99323 0.010482 0.0148758

0.03099 0.00104112 0.00101488 9.99029 0.0105484 0.0140677

0.0409803 0.00106181 0.00102894 9.98719 0.019992 0.0284303

0.0509675 0.00109207 0.00105737 9.98498 0.0195445 0.0269061

0.0609524 0.00112218 0.00108428 9.98321 0.0238161 0.0330265

0.0709356 0.00115682 0.00111731 9.98135 0.0354341 0.0510549

0.0809169 0.0012034 0.00116836 9.98104 0.0388617 0.0559467

0.0908979 0.00125393 0.00122431 9.98152 0.0321457 0.0445056

0.100879 0.00129829 0.00126881 9.98245 0.0208286 0.0256262

0.110862 0.00133179 0.00129444 9.98372 0.00774899 0.00386837

0.120845 0.00135246 0.00129831 9.98707 -0.00287155 -0.0139613

0.130833 0.00136255 0.00128435 9.9908 -0.00620271 -0.0200524

0.140823 0.00136918 0.00126429 9.99231 -0.0138118 -0.0330395

0.150816 0.001368 0.00123126 9.99451 -0.0114875 -0.0300048

0.16081 0.00136882 0.00120125 9.99625 -0.000719513 -0.0133029

0.170806 0.00138011 0.00118795 9.99739 0.0104088 0.00405978

0.180804 0.0014024 0.00119201 9.99965 0.0126797 0.00720282

0.190803 0.001427 0.00119921 10.0018 0.00517892 -0.00539667

0.200805 0.00144417 0.00119381 10.0042 0.00775077 -0.00175716

0.210809 0.00146386 0.00119206 10.0061 0.0186098 0.015291

0.220815 0.0014944 0.00120735 10.009 0.020447 0.017849

0.230824 0.00152693 0.0012252 10.0118 0.0126143 0.00482218

0.240836 0.00155181 0.00123002 10.0135 0.0140775 0.00677475

0.25085 0.00157821 0.00123679 10.0131 0.00703356 -0.00498247

0.260863 0.00159762 0.00123181 10.011 0.00571517 -0.0075194

0.270874 0.00161567 0.00122429 10.0072 0.0141359 0.00567282

0.280881 0.00164206 0.00122996 10.0017 0.0257751 0.0241179

0.290883 0.00168014 0.00125408 9.99584 0.035484 0.039519

0.300878 0.00172816 0.0012936 9.99068 0.0357364 0.0397143

0.310869 0.00177682 0.00133332 9.98536 0.0450806 0.0545942

0.320854 0.00183521 0.00138791 9.98011 0.0531163 0.0674157

0.330834 0.00190218 0.00145533 9.97544 0.0510607 0.0639929

0.34081 0.00196776 0.00151932 9.97059 0.0414838 0.0484227

0.35078 0.00202439 0.00156774 9.9663 0.0411453 0.0477213

0.360746 0.00208116 0.00161546 9.96224 0.0384641 0.0432421

0.370709 0.00213572 0.0016587 9.95745 0.0280327 0.0262451

0.380666 0.00218026 0.00168495 9.95374 0.0159483 0.00653486

0.39062 0.00221298 0.00169148 9.95065 0.008679 -0.00545374

0.40057 0.00223849 0.00168603 9.94674 -0.00288063 -0.0243932

0.410517 0.00225238 0.00166164 9.94324 -0.0115118 -0.0386503

0.42046 0.00225739 0.00162299 9.93966 -0.021383 -0.054938

0.4304 0.00225214 0.00156805 9.93596 -0.0297814 -0.0688819

0.440336 0.00223794 0.00149917 9.93194 -0.038572 -0.0834836

0.450268 0.00221426 0.00141568 9.92699 -0.0470433 -0.0975954

0.460195 0.00218127 0.00131809 9.92105 -0.0549411 -0.110804

0.470116 0.00213941 0.00120728 9.91373 -0.0631089 -0.124466

0.48003 0.00208827 0.00108282 9.90585 -0.0710973 -0.137857

0.489936 0.00202789 0.000944961 9.8966 -0.0786781 -0.150605

0.499832 0.00195857 0.000794357 9.88446 -0.0842538 -0.160127

0.509717 0.00188217 0.000634229 9.86906 -0.0919479 -0.173069

0.519586 0.00179648 0.00046116 9.85107 -0.0972624 -0.182177

0.529437 0.00170376 0.000278983 9.83 -0.104916 -0.195052

0.539267 0.00160159 8.39309e-05 9.80647 -0.110866 -0.205179

0.549074 0.00149154 -0.000121248 9.78325 -0.119443 -0.219536

0.558857 0.00137091 -0.000340784 9.76266 -0.128236 -0.234242

0.56862 0.00123935 -0.000575025 9.74438 -0.13808 -0.250643

0.578364 0.00109567 -0.000825669 9.72845 -0.148443 -0.267889

0.588092 0.000939193 -0.00109356 9.71505 -0.159057 -0.285548

0.597807 0.000769512 -0.00137911 9.70419 -0.169858 -0.303517

0.607511 0.000586271 -0.00168262 9.69568 -0.180747 -0.321642

0.617206 0.00038921 -0.00200427 9.68997 -0.191832 -0.340094

0.626896 0.000177957 -0.00234436 9.68469 -0.202707 -0.358223

0.63658 -4.74536e-05 -0.00270258 9.67995 -0.213496 -0.376227

0.646259 -0.00028711 -0.00307881 9.6759 -0.224223 -0.394147

0.655935 -0.000541122 -0.00347296 9.67261 -0.234856 -0.411928

0.665606 -0.000809568 -0.00388488 9.67031 -0.245463 -0.429682

0.675276 -0.0010926 -0.00431457 9.66917 -0.256055 -0.447426

0.684944 -0.00139037 -0.00476199 9.66943 -0.266576 -0.465072

0.694612 -0.00170299 -0.00522706 9.67143 -0.276598 -0.48193

0.704282 -0.00203013 -0.00570899 9.67572 -0.283709 -0.494108

0.713955 -0.00236908 -0.0062031 9.68032 -0.289086 -0.503497

0.723634 -0.0027182 -0.0067066 9.68386 -0.292328 -0.509443

0.733315 -0.00307547 -0.00721604 9.68581 -0.291308 -0.508503

0.742999 -0.00343666 -0.00772455 9.68396 -0.290128 -0.507277

0.75268 -0.00380159 -0.00823182 9.67845 -0.288368 -0.505081

0.762356 -0.00416961 -0.0087369 9.66914 -0.289066 -0.506814

0.772022 -0.00454315 -0.00924372 9.65858 -0.292698 -0.513246

0.781678 -0.00492511 -0.00975696 9.64975 -0.292205 -0.512996

0.791324 -0.00531145 -0.01027 9.64249 -0.296506 -0.520447

0.800963 -0.00570697 -0.0107904 9.63738 -0.301572 -0.529119

0.810597 -0.00611252 -0.0113195 9.63319 -0.308397 -0.540624

0.820226 -0.00652993 -0.0118601 9.62994 -0.311712 -0.546465

0.829851 -0.00695583 -0.0124066 9.62651 -0.316796 -0.555151

0.839473 -0.00739203 -0.0129618 9.62343 -0.320394 -0.561436

0.849092 -0.00783714 -0.0135232 9.6203 -0.326704 -0.572089

0.858707 -0.0082939 -0.0140953 9.61807 -0.329852 -0.577642

0.868319 -0.00875929 -0.0146729 9.61601 -0.332611 -0.582557

0.877929 -0.00923295 -0.0152555 9.61366 -0.338031 -0.591758

0.887537 -0.0097176 -0.0158472 9.61277 -0.340446 -0.596109

0.897143 -0.0102103 -0.0164434 9.6136 -0.333982 -0.586121

0.90675 -0.0107023 -0.0170295 9.6146 -0.336145 -0.590016

0.916357 -0.0112022 -0.0176195 9.61627 -0.329364 -0.579469

0.925966 -0.0117009 -0.018199 9.61663 -0.325669 -0.573863

0.935575 -0.0122015 -0.0187728 9.61558 -0.321721 -0.567822

0.945183 -0.0127037 -0.0193406 9.61366 -0.316061 -0.558987

0.954789 -0.0132056 -0.0198996 9.61141 -0.316742 -0.56035

0.964392 -0.0137135 -0.02046 9.60933 -0.307906 -0.546339

0.973993 -0.014218 -0.0210063 9.60661 -0.306823 -0.544793

0.983591 -0.0147265 -0.0215511 9.60391 -0.300666 -0.53504

0.993186 -0.0152341 -0.0220862 9.60103 -0.296998 -0.529269

1.00278 -0.015743 -0.0226154 9.59907 -0.289574 -0.517409

1.01237 -0.0162496 -0.0231328 9.59325 -0.292386 -0.522034

1.02195 -0.0167638 -0.0236549 9.5881 -0.285066 -0.510301

1.03153 -0.0172756 -0.0241652 9.58241 -0.275855 -0.495477

1.0411 -0.0177829 -0.0246606 9.57616 -0.277149 -0.497562

1.05067 -0.0182961 -0.0251582 9.57049 -0.271321 -0.488146

1.06023 -0.0188081 -0.0256464 9.56445 -0.268509 -0.483568

1.06979 -0.0193218 -0.0261299 9.56041 -0.269467 -0.485055

1.07934 -0.0198409 -0.026615 9.55369 -0.266684 -0.480502

1.08888 -0.0203617 -0.0270955 9.54419 -0.262334 -0.473401

1.09841 -0.0208826 -0.0275689 9.53176 -0.260725 -0.470696

1.10793 -0.0214059 -0.0280396 9.51781 -0.258625 -0.467177

1.11744 -0.0219313 -0.0285068 9.50199 -0.254071 -0.459671

1.12693 -0.0224561 -0.0289664 9.48573 -0.256251 -0.463001

1.13641 -0.022987 -0.0294294 9.47019 -0.256219 -0.462749

1.14586 -0.0235217 -0.0298922 9.45716 -0.258523 -0.466249

1.15531 -0.0240628 -0.0303584 9.44585 -0.265789 -0.477755

1.16474 -0.0246152 -0.0308362 9.43749 -0.274159 -0.491054

1.17417 -0.0251802 -0.0313272 9.4314 -0.28308 -0.505264

1.18359 -0.0257585 -0.0318325 9.42504 -0.290962 -0.517821

1.193 -0.0263493 -0.0323503 9.42259 -0.29755 -0.528309

1.2024 -0.0269515 -0.0328786 9.42283 -0.305888 -0.541643

1.21181 -0.027567 -0.0334203 9.42416 -0.314261 -0.555067

1.22122 -0.0281959 -0.0339753 9.42689 -0.32198 -0.567465

1.23063 -0.028838 -0.0345428 9.43153 -0.327142 -0.575769

1.24005 -0.0294906 -0.0351186 9.43742 -0.333442 -0.585938

1.24947 -0.0301552 -0.0357045 9.44288 -0.333497 -0.586057

1.25889 -0.0308256 -0.0362906 9.44656 -0.324267 -0.5712

1.26832 -0.0314924 -0.0368618 9.44612 -0.309992 -0.548173

1.27775 -0.0321503 -0.0374099 9.442 -0.293656 -0.52177

1.28717 -0.0327969 -0.0379317 9.435 -0.277065 -0.494898

1.29659 -0.0334316 -0.0384266 9.42647 -0.26059 -0.468152

1.306 -0.0340541 -0.0388948 9.41553 -0.244413 -0.441827

1.3154 -0.0346644 -0.0393366 9.40576 -0.228304 -0.415556

1.32479 -0.0352625 -0.0397521 9.39673 -0.212421 -0.389601
