-0.5 2487.13
-0.49 2490.25
-0.48 2493.34
-0.47 2496.41
-0.46 2499.45
-0.45 2502.44
-0.44 2505.39
-0.43 2508.28
-0.42 2511.1
-0.41 2513.85
-0.4 2516.5
-0.39 2519.05
-0.38 2521.48
-0.37 2523.78
-0.36 2525.92
-0.35 2527.87
-0.34 2529.63
-0.33 2531.15
-0.32 2532.4
-0.31 2533.36
-0.3 2533.96
-0.29 2534.17
-0.28 2533.92
-0.27 2533.15
-0.26 2531.78
-0.25 2529.72
-0.24 2526.85
-0.23 2523.06
-0.22 2518.18
-0.21 2512.03
-0.2 2504.38
-0.19 2494.96
-0.18 2483.42
-0.17 2469.35
-0.16 2452.2
-0.15 2431.32
-0.14 2405.84
-0.13 2374.65
-0.12 2336.32
-0.11 2288.98
-0.1 2230.19
-0.0900002 2156.73
-0.0800002 2064.47
-0.0700002 1948.13
-0.0600002 1801.28
-0.0500002 1616.62
-0.0400002 1386.99
-0.0300002 1107.4
-0.0200002 778.152
-0.0100002 408.009
-1.82316e-07 15.2063
0.00999982 -375.792
0.0199998 -741.045
0.0299998 -1063.57
0.0399998 -1335.94
0.0499998 -1558.81
0.0599998 -1737.66
0.0699998 -1879.76
0.0799998 -1992.33
0.0899998 -2081.63
0.0999998 -2152.78
0.11 -2209.78
0.12 -2255.71
0.13 -2292.92
0.14 -2323.22
0.15 -2347.99
0.16 -2368.3
0.17 -2384.97
0.18 -2398.66
0.19 -2409.87
0.2 -2419.02
0.21 -2426.44
0.22 -2432.4
0.23 -2437.12
0.24 -2440.77
0.25 -2443.51
0.26 -2445.47
0.27 -2446.75
0.28 -2447.44
0.29 -2447.62
0.3 -2447.35
0.31 -2446.7
0.32 -2445.7
0.33 -2444.41
0.34 -2442.85
0.35 -2441.07
0.36 -2439.08
0.37 -2436.92
0.38 -2434.6
0.39 -2432.16
0.4 -2429.59
0.41 -2426.92
0.42 -2424.16
0.43 -2421.33
0.44 -2418.43
0.45 -2415.48
0.46 -2412.48
0.47 -2409.44
0.48 -2406.36
0.49 -2403.27
0.5 -2400.15
