-0.5 1803.08
-0.49 1807.16
-0.48 1811.38
-0.47 1815.74
-0.46 1820.25
-0.45 1824.93
-0.44 1829.76
-0.43 1834.77
-0.42 1839.97
-0.41 1845.35
-0.4 1850.92
-0.39 1856.71
-0.38 1862.7
-0.37 1868.92
-0.36 1875.37
-0.35 1882.06
-0.34 1888.99
-0.33 1896.17
-0.32 1903.6
-0.31 1911.3
-0.3 1919.25
-0.29 1927.45
-0.28 1935.89
-0.27 1944.55
-0.26 1953.41
-0.25 1962.43
-0.24 1971.54
-0.23 1980.67
-0.22 1989.7
-0.21 1998.49
-0.2 2006.83
-0.19 2014.44
-0.18 2020.95
-0.17 2025.86
-0.16 2028.52
-0.15 2028.06
-0.14 2023.29
-0.13 2012.72
-0.12 1994.33
-0.11 1965.61
-0.1 1923.34
-0.0900002 1863.64
-0.0800002 1782
-0.0700002 1673.51
-0.0600002 1533.44
-0.0500002 1357.99
-0.0400002 1145.39
-0.0300002 896.888
-0.0200002 617.258
-0.0100002 314.702
-1.82316e-07 0.00577513
0.00999982 -314.691
0.0199998 -617.247
0.0299998 -896.878
0.0399998 -1145.39
0.0499998 -1357.98
0.0599998 -1533.43
0.0699998 -1673.51
0.0799998 -1782
0.0899998 -1863.64
0.0999998 -1923.34
0.11 -1965.61
0.12 -1994.33
0.13 -2012.71
0.14 -2023.29
0.15 -2028.06
0.16 -2028.52
0.17 -2025.86
0.18 -2020.95
0.19 -2014.44
0.2 -2006.83
0.21 -1998.49
0.22 -1989.71
0.23 -1980.67
0.24 -1971.54
0.25 -1962.43
0.26 -1953.41
0.27 -1944.55
0.28 -1935.89
0.29 -1927.45
0.3 -1919.25
0.31 -1911.3
0.32 -1903.6
0.33 -1896.17
0.34 -1888.99
0.35 -1882.06
0.36 -1875.37
0.37 -1868.92
0.38 -1862.7
0.39 -1856.71
0.4 -1850.92
0.41 -1845.35
0.42 -1839.97
0.43 -1834.77
0.44 -1829.76
0.45 -1824.93
0.46 -1820.25
0.47 -1815.74
0.48 -1811.38
0.49 -1807.16
0.5 -1803.08
